4238
4043
8378
8171
7743
5103
250
647
3498
8249
7503
2351
1894
3008
381
3008
3008
7049
2912
9076
7660
4627
2912
9076
2439
2912
7997
8666
3008
381
381
582
228
7503
7503
7948
8215
8215
3498
3498
9938
9938
3498
2462
647
4584
4991
5003
2374
3885
1408
1017
7271
8171
7344
2591
8849
7632
10048
250
4991
5519
7948
1894
582
8666
8666
4627
7660
8249
641
4627
2439
2108
2108
2108
9076
2439
7997
7997
2912
8666
1894
2351
2351
7948
8249
8215
5519
3498
4584
4584
4584
4584
4584
4991
7530
250
8332
2374
3850
1017
7271
3338
3052
2764
1879
9453
7632
156
2374
250
2066
7720
9938
8215
7503
4627
2439
8849
9782
8215
7997
7660
9076
2439
9076
2108
2439
2912
2439
2439
7997
3008
1894
5077
7503
7809
5519
3498
647
647
9938
2462
9938
4991
7530
250
2374
10048
415
1408
4043
10198
822
2591
867
10145
3885
10048
250
5003
2066
2066
664
664
5519
381
2462
381
381
381
2912
7660
2439
2439
2439
2439
9076
2439
2439
2912
7660
2912
7049
381
1894
5077
2293
641
4584
4584
2462
4584
664
7720
7530
2066
2374
156
415
1017
4043
7271
5054
8818
10145
156
10048
8332
5003
2066
664
4991
647
647
2351
2234
1894
7997
311
3747
2637
8666
8666
7997
9076
9076
9076
2439
7660
2912
7997
4627
7049
381
1894
1894
1894
7948
8249
8215
8215
641
2462
7720
7530
5003
2374
3885
1401
414
1624
4238
4238
1636
7632
3885
2374
250
2066
7530
647
9938
4584
4584
3008
903
3747
7997
1894
1894
2234
903
8666
4584
7660
3747
2912
8666
2439
7660
2912
7997
7049
381
582
582
5077
7948
8249
641
8215
8215
3498
4584
9938
2066
10048
3885
415
414
1624
7779
5555
7860
156
10048
2981
2066
7530
664
647
9938
9938
5519
2108
4547
9076
7049
3008
7720
9453
9866
2591
7720
3008
582
4627
7660
2637
582
381
582
1894
7049
7049
381
1894
7948
8249
8215
8249
5519
5519
2462
4584
664
250
2374
414
1624
5748
1408
6154
2591
3885
2374
250
5003
7530
4991
647
9938
4584
7948
6572
381
3498
3885
8604
4043
895
331
9330
4610
8973
4861
3885
7660
311
3008
5077
8666
4627
7997
7997
7049
1894
8215
8249
7809
8249
2462
9938
9938
7720
7530
250
8332
5748
3850
415
8378
5054
2764
5103
2374
250
2066
664
4991
9938
4584
2462
2351
903
7720
9818
2231
8973
7336
8131
3782
5206
3782
5206
2169
3157
882
1894
7049
2234
3747
3008
7997
2637
582
5519
2462
2351
228
2293
4991
4991
4584
664
7530
250
8332
4238
1401
9411
5748
5555
4820
156
10048
2981
5003
7720
4991
647
4584
2462
1894
582
9818
7779
2905
2477
6093
7846
8313
4814
2360
970
2888
4900
7845
1879
7997
7997
7660
2912
381
582
7049
228
3008
228
228
7948
867
664
8249
4991
2066
5003
8332
8378
3850
8973
5748
1408
9782
7632
5103
8332
250
2066
7720
4991
647
9938
3008
10048
10300
278
10042
2656
5728
6093
7846
4814
2360
2888
259
3079
6724
822
7503
2108
3008
582
3008
381
7660
2234
9076
7503
641
1894
5519
3498
7720
7720
4584
3885
2764
3850
3850
895
415
415
5054
2285
7214
5103
8332
250
2066
7530
7720
647
8215
3036
9411
2477
8313
8313
2360
10042
2169
9330
9330
5094
353
3079
7427
5547
228
7997
2439
9076
2108
3747
2108
2912
2108
7948
5519
1894
5077
4991
4991
4991
9938
647
2066
8973
2809
3550
414
1401
1408
4820
1879
7632
3885
10048
8332
5003
7530
647
3885
6946
10041
7846
8313
5094
4043
10130
7720
7809
5519
10048
8604
4524
6724
5547
381
2439
3747
6572
2234
6572
903
8666
381
5077
7809
381
8215
2066
641
7503
2462
9938
2066
6040
278
3550
3550
8973
414
9818
8419
8849
7214
156
5103
8332
2981
4991
9866
9767
5206
6093
4572
7530
10299
6244
9921
3155
1027
206
2439
5003
7271
1401
867
9076
903
4627
2351
9788
903
7660
381
582
7809
2293
5077
8849
2981
7503
7948
2066
10145
4413
7412
6040
6040
6040
5748
7800
7344
7743
2285
9453
7632
156
5103
9938
4820
1348
2888
9767
1894
779
3376
3376
9253
6299
31
925
1511
582
8332
8378
8378
7948
9788
9788
9788
9788
7660
7997
2234
7049
647
641
381
7809
641
9938
2374
664
4991
7412
4687
4572
4524
8563
8378
9208
3052
882
10130
8419
8849
7214
156
2462
4861
4687
561
664
1994
9668
31
2182
764
1776
1739
9076
5003
867
7632
882
2905
7743
2234
2234
7049
3747
6572
3747
2234
7049
7809
5077
8666
228
5519
156
7214
8332
8215
561
7336
7912
2905
6946
8378
3338
8171
7995
3052
4820
8416
2764
9453
8215
7800
9330
7271
903
4627
647
2981
311
31
6937
3008
4569
414
415
8378
9782
1401
4861
381
9076
2234
903
6572
9788
2637
7660
8249
5519
2351
2351
2462
2374
664
2462
156
6724
4610
7912
2809
8563
415
4238
10198
2231
4861
1636
4569
7344
2285
7809
7743
278
7743
1511
6244
9311
6572
7374
945
7903
250
7632
5077
8215
9771
5547
1017
7860
2108
9788
903
3747
3747
399
4627
8249
647
641
5077
3008
2293
2981
2066
647
8419
7427
353
4900
7336
5486
9411
414
1408
10198
6154
822
8604
4569
8419
5519
10130
1401
2066
9817
7903
207
1894
7676
7529
3407
7632
5003
7809
867
1636
3052
3338
1879
1511
8790
2108
5077
2912
7503
2285
7800
2285
5519
1894
5077
4584
7800
867
9938
7530
353
10042
6096
9556
561
7336
6040
5748
7271
5054
9180
9782
7860
2764
647
2981
7995
4584
9668
207
647
7530
5444
5000
6937
2981
2285
10130
1636
8604
4820
8604
7809
3747
7660
311
8666
4820
5054
102
415
1408
8573
8818
7530
5077
7530
8332
250
156
4687
10041
7427
4900
1348
8563
2905
3850
1408
102
5547
4861
7995
1879
2374
10145
8419
641
9253
3376
4914
6937
7529
5000
4914
4584
250
2912
2234
582
10048
8573
9938
399
9076
7049
5519
102
1401
7779
102
7779
414
5547
7995
7214
5519
7720
2981
9453
5486
2905
8563
7845
3850
4238
5180
8973
414
4238
5054
9180
9208
7632
7530
2374
2285
3498
4608
5000
4898
5000
53
9253
13
3885
5103
2234
207
9076
3885
7271
9453
4627
7660
9076
381
9208
3036
7995
7860
4569
9771
4861
9818
7995
156
2066
9453
250
9767
8563
331
331
5180
9411
6946
8973
414
4238
10198
2231
8604
156
8332
9453
9818
2374
31
3988
5000
3988
31
903
4584
3338
8416
228
2637
5519
4820
1401
4820
9076
8666
7660
399
7632
4861
4861
5547
8604
9208
3338
3338
822
1636
867
2981
7720
331
7412
5486
8973
7412
7912
8563
8973
414
8378
10300
6154
3052
2591
9453
7530
7743
8818
9912
7529
5000
1776
1201
2462
882
7271
6154
8849
7530
8849
6154
4572
7995
1511
3747
9788
903
228
7995
4238
9208
8818
9818
10300
1408
102
5547
7344
8604
9771
5486
4900
7912
1624
7845
4900
4572
6040
895
1017
7271
3338
9771
7743
7800
8419
8818
7860
2234
945
1994
7948
9771
5555
4043
4238
9411
791
7779
3036
415
7412
2231
9788
6572
9788
7049
7720
2285
7860
8573
6085
4861
414
2231
5054
102
7800
7214
2285
7427
7427
2905
1017
4610
4687
5180
6946
3550
1017
7271
3338
9866
2591
6154
9180
4820
8171
2981
8068
228
7995
6085
7632
2981
4569
5748
5180
4610
3157
9767
353
8171
399
1511
7997
7997
4627
4627
8215
8416
9771
7995
6154
9782
5547
7271
7743
4991
8249
2888
5206
2809
8563
353
561
7912
278
8973
5748
7779
5547
4820
7743
4820
9866
10048
8171
8573
7503
4584
2981
207
207
2351
5003
7344
2231
331
4687
5094
10041
156
311
3747
2439
3747
2439
2439
3008
1894
4584
8419
8604
8171
8171
4820
4991
8249
3498
3782
10042
10041
9330
9945
7427
7336
3157
791
5748
8378
2231
4820
2764
7632
3885
5003
4861
3850
9208
8419
2351
2315
250
2231
7995
4569
5555
7412
4900
353
8973
582
311
381
7948
7997
5519
9938
7049
7660
2439
2351
8215
2981
8332
4584
7503
7948
7720
4900
353
7336
3079
259
7427
7336
3157
791
414
1408
822
8849
10145
5103
7632
8818
9208
6040
3157
5748
2374
6572
10145
5547
9208
3338
7845
3782
2888
4900
9866
3747
4627
9938
9938
2462
4627
8666
2439
7997
2912
4627
7049
228
664
9453
7530
9938
3498
9945
7823
2565
9556
10042
2169
4610
2905
791
414
8378
1636
8419
7743
8419
2591
7344
4569
1401
10041
5486
8573
8416
9180
5555
7779
331
353
9556
9556
4572
9938
2637
4627
9938
8215
9938
1894
7049
8666
5077
3008
7660
5519
2981
7632
2981
2462
5519
7948
970
353
8131
2360
3782
561
7912
2905
9411
415
4043
9208
6085
882
4861
822
8416
2981
2285
8563
5094
4413
4524
5180
4610
7912
2169
10042
2360
8131
8573
7503
9076
9076
7660
381
7503
2912
7049
5077
582
7049
7997
641
2066
10048
2374
5519
7948
8215
3079
7823
2888
1982
2477
5094
7845
3157
6040
1401
7271
7800
10130
2591
10130
4820
2285
2374
664
7530
5547
561
353
8131
3782
5206
2888
1982
3782
895
2374
7049
7997
7809
5519
582
228
381
641
3885
4584
7049
8666
7948
10048
8332
641
8215
9938
7720
7336
5094
6096
970
3079
4687
5486
3157
2809
1401
10300
4820
8419
8849
8419
2285
8849
2591
2066
7997
903
3885
1408
3157
10041
7823
4900
10041
4524
8604
5519
7503
228
2066
9453
2462
7049
3008
7948
9453
9453
9938
3498
2351
2351
3498
641
4991
2285
7214
3157
3782
6093
10042
2169
7336
331
6946
2809
895
3036
882
7344
4820
9782
9866
867
1879
2066
4627
2315
5444
1511
2912
4991
9208
8378
8378
102
7800
3498
8215
641
2293
8249
8215
9938
9938
7948
7809
664
3885
9453
5003
8249
7809
7809
5519
8849
882
1348
9459
2360
5206
561
1348
4572
6946
2809
895
8573
7800
4043
3850
415
9782
7743
867
2374
2912
2720
9912
8068
2315
2637
8416
9180
2231
2231
7800
3498
7809
5519
228
2293
647
2374
7632
2066
5519
5003
7530
3885
2374
7720
3498
8249
8249
7530
7214
259
7846
9556
3079
5094
1348
331
6946
2809
1401
9782
9208
3850
4524
2809
5555
5748
8171
4991
2637
5157
9912
3419
8068
9788
2374
4820
7800
4861
2231
9453
9938
9938
7503
7720
4584
7809
10048
2285
2285
8419
9453
5003
4584
4991
647
5519
3498
10048
7720
7846
6093
10042
353
5094
4610
4572
4572
5180
791
822
10198
5486
970
3560
2949
7846
1879
7660
311
10299
5444
9912
13
7374
5077
867
7743
7995
3850
7412
5748
8419
2066
10048
3885
664
8332
5103
10130
2591
8332
2066
2066
10048
156
647
2462
2285
7800
5728
6093
3782
353
10041
1348
561
8313
9715
2656
3079
7447
10210
2933
2933
2933
9556
2981
2108
311
5452
2315
2720
5452
6572
2293
3885
1879
822
4413
7892
821
2656
3782
7336
4524
5547
7995
3338
10130
2981
664
2066
4991
2374
5103
2066
664
3885
9866
2656
2360
2477
7823
4610
3157
970
1407
6268
6772
6772
2926
2933
2933
2926
2933
5728
8818
2439
9788
7676
10299
8790
6572
2108
7503
9938
7214
5547
259
6268
2933
6772
6772
1407
821
3560
4466
7560
5728
278
8604
2285
7530
664
10145
2764
867
7214
250
6093
9556
10041
1401
9180
9771
1624
7892
6772
2933
2933
2926
2933
2926
2926
2933
3625
1401
228
311
3837
5452
399
7660
8666
228
381
10145
4043
2949
2933
2926
2933
2933
6772
2933
6772
2933
2933
6268
8274
970
8416
2066
7530
5103
2285
867
10130
7214
2888
5180
4861
2764
10145
10145
4569
2360
6268
6772
2933
2926
2933
2926
2926
6772
6772
6093
2764
2234
7676
5157
3837
582
3008
2234
1511
10048
9330
6772
2933
2933
2933
2933
6772
6772
2933
6268
6772
6268
6772
9459
867
10048
2981
8332
2285
10130
4820
867
4524
9782
2764
5103
10048
10145
2285
1348
6268
6772
2933
2926
2933
2926
2933
2933
6772
6268
561
5003
6572
5452
7676
582
4627
5452
2912
791
3625
2926
2933
2933
2933
2926
6772
6772
2933
6268
2933
6268
6772
6096
250
3885
7214
5103
3885
10145
9453
10048
4861
7344
10145
2981
250
2374
10145
7336
6268
6772
2926
2926
2933
4745
2933
2933
2933
6772
1407
9945
7800
7503
2912
4584
9453
8171
5206
10210
2933
2933
6772
2933
2926
2926
2933
6268
6772
6268
6772
6772
6268
2656
10145
10048
7344
9866
4820
7632
9453
9453
6085
2285
8332
2066
2066
7530
8849
1982
6772
2933
2933
2926
2933
2926
2926
2933
2933
2933
6772
2933
9886
9556
561
259
7697
1407
2933
6268
2926
2933
2926
6772
2933
2933
2933
6772
6772
2933
6268
6268
1407
9715
882
2066
4569
10130
882
8419
156
156
8818
7632
5003
7720
4991
7720
7800
5982
6772
2926
2933
4745
2933
6772
2926
2926
2933
2933
2933
2933
2926
2926
2926
2926
2933
6772
6268
2933
4745
2933
2926
2933
2933
6268
2926
6772
6772
2926
6772
1407
8274
9886
8573
3498
8818
822
3052
882
2285
867
8849
5103
2066
9938
3498
7720
5547
9611
2933
2926
2933
2926
2926
6268
2926
2926
2933
2933
2926
2933
2933
2933
2926
2933
6268
8274
6772
4745
4745
2933
2933
2933
6772
6268
2926
6772
2933
2933
6772
10210
10210
8676
8378
8249
8849
7995
10130
10130
7344
8419
7214
8332
2066
9938
647
2374
8563
1407
6772
2926
6772
2933
2926
6772
6772
2926
2926
2933
2926
2933
2926
2926
2926
6268
10210
9611
6268
4745
2926
2933
2933
2933
6772
6268
2933
6772
1407
6772
2926
8274
10210
10210
9411
8215
10145
8604
4569
10130
3052
8416
5103
250
7720
4991
5003
6085
4814
2933
6772
4745
6772
2926
4745
2933
6268
2933
2926
2926
2926
2926
2926
2933
10210
8274
8501
7560
2926
2926
2933
2933
2933
6772
2933
6268
2933
2933
6268
6268
2926
6268
8274
8274
331
8215
2374
7800
9782
3052
9782
6085
10048
2066
7720
7530
156
9411
8676
6772
2933
2926
6772
2926
4745
2933
2933
6772
2933
2926
2926
2926
2933
8676
2656
5982
7697
6268
4745
2933
6772
2933
2933
6268
2933
6772
6772
2933
6772
6268
2933
6772
1407
8274
1348
7809
5003
882
5547
822
9782
3052
5103
250
2066
10048
6085
970
2933
6268
2933
4745
6772
2926
4745
2926
2926
2933
6772
2933
2926
2926
2926
9611
3079
6093
8676
2926
4745
2933
2933
6772
6268
6772
2933
2933
6268
6772
6772
6268
6772
2933
1407
8274
5180
7809
5003
10130
5547
8604
3052
1636
5555
5555
4043
5054
7344
250
4991
2462
8249
7503
5077
582
381
7049
8666
4627
7997
7660
2439
2234
2108
2912
9076
2108
2234
2108
9076
2439
2912
4627
8666
7049
3008
582
582
1894
228
228
5077
7503
7809
8215
8249
8215
5519
2462
647
7720
250
2374
4238
8378
7271
6154
7800
9453
3885
8332
2066
647
5519
7948
228
3008
4627
7997
7660
2439
9076
2351
2293
2912
2108
2234
2637
2234
2234
9076
9076
2439
7660
7997
7049
582
582
1894
228
228
5077
7503
7809
8215
8215
641
5519
2462
647
7720
250
8332
5748
8378
102
3338
7995
8849
156
2374
2981
2066
7720
4991
4584
641
7948
5077
3008
2912
9076
867
9818
2293
9076
2637
3747
2637
2234
2234
2108
2108
9076
2439
7660
4627
7049
3008
582
228
2351
2293
7809
8215
8215
641
3498
4584
647
664
2066
2981
5748
4238
7779
3338
2231
2591
5103
8332
2066
7720
4991
9938
2462
3498
5519
5519
7809
1894
8215
228
7503
582
9076
2637
2637
2637
2234
2234
2234
2108
2108
9076
2439
7660
4627
8666
3008
582
1894
7503
7948
7809
8215
641
3498
4584
647
664
2066
2981
1624
8378
4043
102
10198
8818
10048
250
7720
4991
9938
2462
5519
641
8215
8215
7503
7049
5077
3008
7660
2912
7660
7049
4627
7660
2108
2234
2637
2234
9076
2439
2912
2912
4627
8666
8666
7049
381
5077
7503
2293
7809
641
5519
4584
647
7720
2066
2981
414
1624
1408
5555
7779
1636
2374
2066
664
647
9938
3498
8215
8249
7809
7948
3008
7660
2912
3008
2351
2351
4627
7660
582
3498
7049
7660
4627
8666
2439
2439
7660
7660
2912
7997
7997
8666
381
228
5077
7503
2293
8249
8215
3498
9938
7720
2066
2981
5748
1624
1408
5555
5555
9782
8332
7720
4991
9938
2462
5519
8249
7948
2293
7503
2912
2234
7997
1894
7809
3885
10130
1636
9771
10048
7948
7503
381
3008
7997
1894
381
3008
7049
7997
7997
8666
3008
1894
5077
7503
7948
8249
8215
3498
4584
4991
7530
250
1624
1017
1017
4043
6154
2591
2981
7720
647
4584
3498
8215
7809
7948
2293
2351
9076
1894
664
10130
4043
2905
7912
6724
2169
10041
8563
6154
867
1894
7997
228
7503
381
7049
7049
7049
381
1894
2293
7503
7503
7948
641
5519
3498
647
4991
7720
2066
1408
5748
1408
4043
6154
1879
250
7530
4991
4584
3498
8215
8249
7809
2293
228
2439
2374
10198
9411
7412
9945
2360
9459
6096
1982
970
5206
1348
7995
8249
1894
7997
7997
582
3008
4627
5077
641
2462
7809
2293
7809
4584
9938
2462
647
4991
7720
5003
7779
415
415
1017
10198
9866
2981
7530
4991
9938
3498
641
8249
7809
7948
1894
3498
10198
3157
561
9459
4923
4923
4923
3560
7143
6093
9459
10042
10041
7344
1894
381
7049
7049
1894
228
381
5077
5077
7948
8249
5519
156
2066
9938
2066
5003
2066
2981
4043
415
3850
1017
7779
3052
2374
250
7720
647
4584
3498
641
8249
8249
1894
7743
9411
5094
6093
5982
5982
3560
5982
1943
4923
2656
4814
9556
3079
10300
3498
8666
228
1894
1894
1894
7049
8666
7049
7809
2462
7809
647
4991
5003
250
7720
7632
2285
1624
895
3850
1624
8378
9180
7632
8332
5003
664
647
4584
3498
5519
8215
5519
1017
7336
6096
5982
4466
3560
7143
9459
970
2888
2360
6096
1982
259
8378
3498
1894
7049
8666
4627
2912
8666
381
8666
8249
641
7948
8249
664
7720
2066
7530
5003
3885
3850
2905
4524
414
5748
5555
7743
3885
2374
250
7530
664
647
4584
3498
1879
4610
5206
3560
5982
4814
4687
791
10300
2231
3338
1017
4572
2169
259
1408
4584
381
2912
7660
2912
9076
9076
381
1894
2351
7809
2351
5519
664
4584
3498
7720
5003
10048
791
5180
4524
895
3850
8378
882
867
10145
5103
8332
5003
7530
664
9938
7860
7823
9459
1943
9945
7271
1879
5003
664
664
2374
7743
7995
1408
1348
9767
9771
5077
2439
381
2351
2439
9076
7997
582
228
8249
8249
7948
156
5003
5519
9938
8332
7632
5180
7427
2905
9411
8973
4043
9771
8419
1879
7632
156
10048
2981
5003
647
9180
3079
2656
3782
1636
2351
9788
2234
8666
7049
2293
10048
882
2231
1408
7912
4524
664
2912
2439
9076
2439
8666
8666
7660
381
2462
5519
7503
641
3498
4991
2374
2066
5003
5094
2477
7912
6040
2809
102
9818
4820
7743
8849
867
10145
5103
8332
4991
7779
259
1982
2231
2351
4627
2108
6572
903
2637
2462
6085
4238
895
414
8973
10041
9771
7997
2439
7049
2439
9076
2439
7660
582
2293
7503
1894
2293
3498
8332
3885
2981
647
9945
8131
5094
2905
2809
10300
9180
9208
4569
10130
7743
2285
7214
3885
9938
6154
5206
5486
7214
2764
7995
3036
9453
3008
5077
9208
9767
4900
7427
10041
2905
4610
3036
5077
7997
2439
2234
9076
9076
7660
8666
2293
7809
7503
7948
2462
7530
4991
4991
1879
4900
8131
7427
4524
9411
8378
10300
2231
9782
9818
9771
8818
8419
867
647
7860
7823
8378
3885
2293
7809
8818
1879
9076
7948
3850
9411
2231
10300
3157
4413
4413
9180
7997
9076
2234
2439
2439
2637
7049
7948
3498
7948
7503
5077
7809
7720
7720
7720
8818
7412
10042
3782
7336
9767
3550
8378
10198
8171
7995
9818
9771
8818
2285
5003
7860
7336
9180
7948
2351
250
9180
8419
7676
228
2809
414
2231
3550
4413
2905
2905
8818
2637
3747
7660
228
582
664
3052
5547
4820
4991
2351
7503
3498
2764
5103
4991
8332
4687
3782
9459
970
7427
7912
415
5555
3036
9180
9208
7800
882
2285
2374
9453
4238
7860
582
8332
4861
5054
5003
5157
582
415
2905
2809
331
7845
4524
3550
7720
7660
8666
2108
2351
6154
895
414
6946
6040
4043
9208
10048
2351
647
7530
7530
5103
4687
2565
2169
4900
9330
6946
895
4043
10198
5547
822
8604
6085
8849
7214
8849
8604
9818
2108
399
2912
4627
5157
5444
3008
7271
415
822
3052
822
1408
6040
8332
2637
2912
8666
7530
6040
791
7271
5555
7271
1624
5054
5555
8818
641
4584
7720
3885
4687
9330
1348
7336
8563
1401
3157
414
5555
3036
9180
9208
7800
1879
3885
7214
3052
7860
2108
2315
5444
2720
2720
9788
250
895
791
7860
8419
9818
1624
4413
8818
7049
4627
2439
2351
5555
4043
9180
7995
7344
2764
8419
2285
4043
8419
647
2374
7720
4687
2477
353
4413
7845
4524
2809
414
7779
10198
2231
9782
7800
1879
867
8419
5054
10198
3008
207
1201
3837
7809
882
7779
4900
4413
10198
8604
10198
4524
6724
8171
4627
8666
2912
2637
882
8378
5054
3036
4861
9771
1636
9818
3338
7779
7632
647
647
7823
10042
4900
9411
4610
1348
791
414
4043
10300
5547
822
4569
8818
7743
10145
9180
3850
3498
8790
7676
2439
10048
3036
6946
561
10041
8563
414
791
7912
9945
5555
2234
9076
2234
3747
641
10300
8378
3036
8171
4861
3338
4043
4238
2809
9818
8419
9453
5206
9556
5094
415
5180
7823
4524
1401
1017
7271
6154
4861
6085
7344
3052
8818
8171
6040
1879
7660
2351
8604
2809
7336
6724
2565
353
3079
7823
9330
6724
970
4238
2439
2234
2108
7049
4584
2764
3036
7271
9180
9782
102
10198
5748
5180
9180
10048
5103
7735
1982
7412
8973
4413
5486
2905
3550
5748
7779
6154
4861
4820
10130
9180
8573
4861
6040
2231
4991
9771
3157
4572
2809
8563
9330
2477
970
2360
5206
2477
2360
102
2234
3747
4627
4627
7049
3008
9938
7800
2231
7779
1017
8378
8973
791
7344
4991
8249
1982
6096
1348
5180
10041
4610
4572
791
5748
4043
3338
8573
7800
7344
9771
7344
2764
5748
8973
9771
4861
7271
2285
8419
6154
415
9767
7412
259
970
2888
3079
2285
9076
9076
2912
9076
7997
7997
1894
2293
250
3052
5555
1408
5054
4820
7530
8249
641
1982
9556
3079
6724
7427
7412
5180
2809
414
4043
5054
8573
7800
8818
2764
8849
7632
10300
5180
3850
4043
9818
3885
102
1348
7845
5180
2565
7735
1982
2888
2905
8249
2439
381
2351
8666
7948
8249
3008
3008
3008
8249
9938
5103
8332
4584
7809
7809
664
970
7735
9330
4900
8131
10041
9767
2809
414
4043
10198
822
10130
7743
8849
2285
10130
4861
9767
4687
4413
6154
2285
4043
1348
5180
7912
5206
6096
6093
259
4569
4627
381
5519
641
641
7049
3008
4627
3008
3008
582
1894
2351
2462
2981
647
9938
647
3079
5206
2565
9945
353
4687
9767
6040
415
4238
102
7995
9771
9771
8818
7743
10130
7800
2809
8131
7823
791
8378
2905
4610
4610
3079
1982
7846
6093
7845
5003
7049
582
3498
7809
3498
5077
582
582
2293
228
3008
5519
7720
2981
4991
5519
5519
3498
10042
2477
2169
5206
4900
2565
5180
6040
3850
8378
102
4861
7995
7800
7860
1636
8416
7214
9771
4610
3782
7427
4687
353
259
9945
1982
7846
5728
10042
6154
641
381
3008
3008
5077
7948
381
228
2351
7503
228
582
3498
664
7530
2066
5519
8215
2462
9556
2169
9945
9945
7427
7336
3157
9411
415
1408
10300
9208
9818
882
882
4820
2591
9453
10145
1636
8563
10042
9556
6096
7846
8313
5728
7143
4814
5180
7214
7948
5077
8215
641
2351
2351
5077
5519
2981
4584
228
228
8249
2981
2066
641
5519
647
7720
2565
7412
259
3079
561
7912
2905
791
415
1408
10198
8604
6085
7344
7344
8818
7743
8818
867
2285
1879
3338
1348
4900
9556
4814
6093
9556
7427
4238
5003
2462
7809
664
8332
3498
5077
7503
641
3885
5103
647
2462
7809
8249
3498
5519
4991
7632
3885
6946
7427
259
8131
10041
5486
6946
8973
415
1017
3338
7860
9818
3052
822
4820
8419
2591
867
2285
250
2066
7632
8416
9180
9767
7823
6724
7912
7779
2981
647
4584
641
5519
3498
4991
664
5519
5519
664
2374
3885
7530
5519
8215
5519
4584
10145
2764
4413
5206
5206
4900
7412
5180
4524
3550
415
1017
5547
9782
5555
4043
7779
7995
7344
8419
7344
7743
2066
2462
2462
4991
2764
2809
7912
5486
331
7779
2981
4991
4991
641
3498
7720
10048
10145
250
647
5003
7530
8332
250
664
2462
3498
2462
2066
3885
353
7735
5206
7427
4610
331
4524
3550
415
1017
5547
8573
8378
1624
4238
9180
5054
4043
8171
8416
250
5519
8249
5519
1879
4043
2809
4524
2905
3550
8416
5003
7530
2462
2066
4991
2462
5103
867
7632
1879
7632
2981
647
7720
664
9938
4991
10048
7720
7735
2888
2477
6724
4610
5180
8563
9411
2809
414
6154
10198
3550
5180
1348
4610
4687
7271
6085
8419
2981
9938
641
8215
10048
8604
1624
895
6946
7845
3157
10300
2764
2981
10048
2374
2066
10048
2374
8849
1879
8332
250
5003
10048
3885
664
7720
867
9866
9556
10042
353
4687
7912
4572
4413
6724
4900
4687
5486
7823
8131
3079
8131
7823
10041
3338
8818
2285
10048
7530
7530
250
1879
9208
8378
415
3157
5094
10042
9945
9330
278
1624
10198
7800
4820
4569
2764
2374
250
250
2066
10048
10048
5003
2066
10048
2285
2888
3782
2169
7412
5486
4572
561
2477
3079
259
7735
9556
9945
3079
4900
561
10041
1017
2591
9453
5103
10048
10145
8849
8818
822
3036
1017
5180
2477
10042
5206
8131
8131
10041
1348
278
4572
9767
278
3338
8818
867
250
5003
156
9453
7632
156
5003
7735
9945
5094
5486
4524
895
4572
8131
3782
9556
2888
9459
259
3079
7823
5094
2565
6946
6085
7632
5103
10048
867
882
3052
7860
4569
4238
4413
9945
8131
2169
6724
7427
6724
7845
9767
7912
7912
1348
7845
8973
8818
8332
250
10048
9453
156
2764
156
10042
561
331
895
1408
8378
3550
561
2888
9556
970
4814
10042
353
5094
4687
7412
5486
102
2764
2374
5003
156
1636
3052
2764
3885
3338
9767
9945
10041
7412
4610
6724
6724
5486
9330
5486
1348
1348
4610
4524
9782
8818
10048
2374
9453
2764
7743
7214
5094
5180
3550
8378
4043
4043
4238
5486
1982
259
6096
8313
7735
8131
10041
9330
4610
4610
8563
8171
8419
3885
10145
7860
6085
250
5103
1401
4900
3079
7336
1348
4610
561
6724
4413
9330
1348
7412
1348
7412
8563
9208
9180
9866
5103
5103
3885
7632
5103
9767
6040
1624
7271
5555
102
10198
1348
7735
259
7143
5728
259
9945
6724
2565
4610
4610
1348
2905
10198
882
9866
8573
6154
10198
4572
7823
5206
561
7912
5486
7336
561
2565
5180
7912
10041
9330
7336
2565
331
822
8171
2231
8416
8416
7632
7214
867
6946
1401
4238
7271
10198
6154
5555
2169
2477
6093
6093
8313
259
3079
7823
2565
9330
4610
4610
9330
7336
9767
9767
7412
7427
3079
5094
4687
259
10041
7912
4413
9330
4687
9330
5180
9767
4900
7336
2565
2565
4610
6154
9782
4043
6085
8818
2764
7632
7632
9411
1624
7271
10300
5547
2231
414
8131
10042
1943
1982
4814
970
4900
4900
6724
7412
7336
7336
9330
6724
4900
5206
7735
5206
7823
5486
561
2888
9330
7845
9767
7845
7336
2565
4572
3157
7427
2565
10041
4687
4687
102
9818
4238
10300
6085
10130
2285
8849
1401
8378
5555
6154
9180
6154
895
3079
8313
5982
2888
970
2360
2169
2169
7823
2565
9330
7412
7336
9330
561
2477
8131
6724
7336
4610
10042
5206
1348
4413
331
9767
7845
6724
3157
4524
9330
6724
9330
2565
10041
8378
6085
102
1624
9771
8818
10130
8419
415
4238
10300
2231
2231
102
4572
1982
5728
1943
259
7735
7846
3079
6724
7427
5094
2565
4687
9330
7412
7823
5094
9330
9330
7427
3079
9556
561
5486
5180
331
5486
5180
10041
4572
3850
5180
7427
4610
7412
10041
414
4820
3036
895
8573
10130
6085
8818
1624
7779
5054
6154
10198
414
353
8313
6093
7447
3079
2888
8313
5206
10041
5094
7823
5094
4687
9330
4687
9330
4610
9330
6724
5206
9556
3782
4610
9767
331
331
7845
278
7336
5486
895
8563
2169
4610
7412
6724
3550
4820
2231
1401
4043
7800
1636
4569
1017
5555
5054
5054
1408
5486
9459
9459
970
8313
8131
7735
8313
3782
7427
10041
561
5094
10041
2565
4610
5486
7845
7336
4900
5206
9556
5094
9767
5180
331
9767
7845
2905
5180
7912
6040
8973
6724
6724
4687
5094
8973
4820
9180
415
895
9782
7860
9818
8378
102
10198
7779
9411
9945
2656
259
970
5728
8131
259
7846
5206
353
6724
10041
6724
10041
7412
1348
5180
9767
4687
561
5206
259
7336
331
5180
9767
4413
7845
3157
8563
1348
2905
3550
1348
2169
10041
3079
3550
10130
8573
5748
9411
9180
8604
8604
102
7271
4238
102
3052
9453
2374
647
5519
7503
228
381
8666
2912
7997
2912
2912
2439
2234
9788
3747
2439
2108
2234
9076
2108
2108
2108
9076
7660
2912
7997
4627
3008
3008
582
228
228
5077
7503
8249
8249
2293
7809
5519
641
9938
7530
8332
5103
1624
5748
4043
102
5547
8573
7995
3052
10130
8849
5103
7530
3498
5077
7049
2912
7660
7660
9076
5077
7503
7660
2234
2637
2637
2234
2637
2637
2637
9076
9076
2439
7049
381
3008
582
1894
5077
2351
7503
7809
7809
8249
8215
5519
2462
647
7530
2981
10048
3550
414
4238
7271
102
5547
2231
8573
822
8604
7800
882
8818
8419
7632
7530
641
582
7997
7214
7800
7948
2108
2637
9788
3747
3747
9788
9788
2234
2234
2108
7660
7997
7997
8666
381
1894
5077
2293
8249
7809
8249
8215
5519
4584
4991
7530
2981
2374
3550
1624
1408
7779
8378
3338
9180
822
822
9208
9818
4569
9771
882
7344
9866
9453
9938
8332
5519
8215
7503
7997
2108
2637
3747
2637
9788
311
3747
2637
9076
9076
2108
2912
7997
8666
7049
3008
5077
2293
7948
8249
8215
5519
4584
7720
5003
2981
2374
3850
5748
1017
1017
415
5054
8171
822
7995
9208
8604
9818
6085
9771
4820
8818
5103
7948
9938
8215
5077
5077
1894
2293
5077
3008
7660
2108
2637
2637
2637
2108
9076
9076
2439
7660
8666
8666
8666
582
228
5077
2293
7948
8215
9938
7720
2066
5003
8332
1401
1401
415
414
3550
4238
2231
4861
7995
8604
9818
7800
6085
882
4820
8818
2066
228
2293
2462
664
647
7503
582
641
2981
2293
381
7503
7948
8666
7997
2439
9076
2439
7660
2912
7997
3008
582
1894
5077
2351
2293
8215
2462
647
7530
5003
2374
895
895
1401
1624
3850
1624
9180
9782
7860
1636
7800
6085
9771
4820
7344
7743
3498
3008
8215
4991
664
2764
8604
9180
9208
8849
647
664
2462
641
5077
5519
8249
7809
7503
7049
7997
8666
3008
582
5077
2351
2351
2293
8215
641
4584
7720
5003
2981
3850
415
1401
5748
1408
5054
8171
7995
7860
1636
3052
9771
9771
882
4820
2764
2293
2462
156
3052
1624
5180
7412
7427
8131
7823
331
4238
7344
5519
2351
2462
4991
8215
7809
7948
7503
7503
2293
2462
641
2293
2293
8215
5519
641
9938
7720
5003
7530
895
895
3550
414
5748
5054
9180
822
9208
1636
7800
4569
4569
882
7344
7214
2351
1879
7271
2809
4687
259
4814
6093
4814
9459
1982
3782
7412
6154
2374
7530
2293
1894
7809
7948
228
5519
250
10048
647
3498
4584
5003
5003
4991
664
7720
2066
5003
1401
791
4524
791
1401
10300
8171
4861
7995
7860
1636
3052
7800
882
7344
3885
250
102
3157
7823
6093
1943
5982
5982
1943
7447
7846
9459
2888
7427
9208
9938
641
8249
7948
2462
4584
5519
4584
3498
647
4991
7720
9866
7214
250
3885
156
10048
10048
3550
791
9411
895
3550
1017
5547
9180
9782
9782
7860
9818
3052
4569
882
2374
882
2809
7823
2656
7697
7697
5982
4466
3560
7447
5728
7846
2360
5206
1017
2374
7809
647
7720
4991
9938
8215
2351
2351
4991
8332
647
10048
5103
7214
867
156
2591
8818
8563
6946
6040
9411
6040
1401
5054
3036
8573
822
9208
8604
7860
9818
882
9453
3550
9330
4814
7697
2949
5982
4923
4814
2888
9556
4814
6093
4814
2888
1401
250
3498
7809
7809
2293
228
5077
2293
5077
2066
2374
647
7720
9453
7214
10145
3885
3885
7214
3157
7912
331
4524
2905
4524
4043
5054
5547
9180
822
7995
9208
8604
9771
1636
4687
10042
7697
2949
6093
5094
6040
5555
6154
5555
1401
7845
5206
9556
3550
2981
8215
5077
582
228
8666
8666
2293
5519
647
2066
4584
5003
7214
8332
664
10048
5103
7214
331
7412
9767
3157
331
4572
5748
5555
3338
6154
5547
9180
822
7995
6085
10300
353
8313
2949
10042
7779
2764
10048
5003
250
867
9771
3036
3550
10041
7412
7995
5519
1894
8215
3498
7049
7049
2351
641
5519
2066
7720
4584
9866
867
9938
7720
7214
2591
4610
9945
1348
4413
9767
3157
414
8378
7271
102
3338
5547
8171
4861
4820
7779
3782
3560
7735
8604
7948
2108
2439
381
2351
4584
1879
9208
4043
3550
2565
331
5103
2351
1894
7049
381
7809
7809
1894
8249
10048
7530
641
7720
5003
10048
2285
5103
8332
8131
970
561
7845
7912
331
791
3850
5748
8378
5555
5054
6154
8171
8818
1401
970
4814
3338
7948
7049
2912
2637
3747
7660
7530
8604
414
278
8563
8563
7427
7995
7503
7503
9938
228
3008
582
1894
7809
4991
5519
7503
3498
5003
2591
8416
7214
4991
970
2888
259
9330
7336
7845
4572
4524
9411
1401
1017
7779
10198
5547
8849
7271
259
5486
9453
2764
9208
10198
2285
582
7948
8171
1348
2477
9945
3079
7845
4687
4043
9938
7503
5077
8666
8666
7049
582
5077
7530
2981
2462
9938
2374
2764
5103
2981
8419
3079
7735
10042
4610
7412
9330
5486
3157
6946
6040
895
414
8378
5547
7632
9180
7427
8378
5103
228
7809
7344
1879
2108
8249
791
8563
5054
4238
7845
4687
2565
10300
2351
7049
4627
381
7049
7660
7948
7720
3885
5003
3498
8249
4584
10145
156
10048
4569
7412
1982
2888
6724
7823
4687
9330
5486
4572
2905
6040
895
5748
6154
9453
6154
9330
9180
8249
2351
2981
9180
2285
5452
228
8563
415
5547
6040
2565
7845
7845
7860
4627
7660
381
8215
2293
2981
4861
4238
7995
3885
2462
3498
7530
3052
2591
2374
7214
7412
9945
6096
3782
561
7823
4687
7912
9767
3157
4524
8973
415
9180
2764
882
1401
4861
2293
3885
9208
5547
7720
5157
1894
8973
331
6040
4413
4687
5180
6946
5103
582
2293
3008
8215
5555
278
4524
5486
9767
791
5054
1879
5519
3885
867
156
8419
2565
7336
561
4687
5180
5486
6724
1348
5486
331
6946
791
415
7995
882
1636
3338
822
4627
9788
4627
7049
206
5444
381
1017
6040
3338
9180
5054
3550
5180
1879
8666
2351
5519
9453
3157
4572
3850
414
5748
9411
4238
7271
4569
5003
3885
7632
2591
7412
10041
7412
1348
9411
3157
8131
2565
1348
7845
331
6040
414
3052
2591
6085
5054
2231
8666
5157
5444
207
5157
9788
8332
9411
2905
5547
7800
2231
9411
4687
1636
7809
7503
2351
7530
414
8973
4043
5054
9818
2764
7214
5103
1408
4569
7632
7344
10145
561
970
3782
9330
6724
10041
2169
10041
4610
5486
331
4524
1017
4569
7344
7995
791
1624
7503
5452
1201
7374
7503
7344
7779
2169
1348
1624
3338
5748
5486
9945
10300
582
7503
1894
3008
9208
895
8378
4238
5054
6085
4569
3052
4238
3550
882
7214
10048
3782
4814
259
9767
4900
9945
2169
561
9330
7845
4572
8563
4238
4861
8604
8416
4238
3157
2981
9788
3837
9076
250
2231
4524
5094
7823
7845
6946
5180
561
6096
1624
2439
8666
4627
4627
2066
4238
4238
10198
5054
5054
7271
5748
3850
331
3036
9208
9771
6096
8313
353
6946
6724
2360
8131
7427
4687
4610
331
8563
10300
8573
5054
9208
4043
4610
9771
228
8215
7995
4524
7412
10041
10041
2477
2888
259
353
5206
2656
1401
7049
2912
4627
2293
8332
4820
5555
414
7779
8171
3338
1624
2809
9330
4043
7743
7743
4814
2656
7823
3157
3079
2888
2477
2169
6724
7336
4413
4524
2231
9782
1408
7779
5555
4610
1408
3885
822
5486
331
791
9411
9330
3782
6093
7447
6096
2360
7447
1624
2912
9076
5077
228
228
228
250
8171
1408
1401
895
9411
5180
9767
9208
8332
3498
6093
8313
10041
4687
1982
1982
3782
8131
5094
9330
4413
2809
5054
822
8573
7995
882
6946
9767
4861
5555
5748
8419
2764
3036
3550
4610
4900
6093
7846
6093
2360
10130
7997
4627
582
7997
228
1894
8215
9938
7632
9180
5748
9411
415
7995
2374
4584
9938
6093
4814
10042
3782
7846
9459
7735
8131
5094
7336
5486
791
3036
9208
4569
6085
8416
3850
10041
278
3550
8573
2285
3850
7427
7823
2565
4900
6093
8313
7846
7336
4584
2912
7503
2462
228
8332
10145
7809
5077
228
664
250
2285
2285
8332
641
2462
2981
6093
6093
353
6096
2656
9459
10042
353
6724
7336
7845
414
8604
882
10130
4569
9180
1408
5094
8131
4687
4043
4820
3550
7823
4687
5094
1982
2656
2656
2360
7995
7049
2351
5003
5003
7720
7503
7809
582
228
5077
2293
7503
8249
5103
4569
7214
5003
664
10042
6096
5206
7447
5728
4814
10042
4900
5094
9330
4413
4238
9782
822
7995
822
5547
3338
5486
2888
9945
4572
3550
5486
6724
5094
7735
6093
5728
2656
10041
156
3008
7503
2066
664
5003
8249
7809
2293
5519
7948
1894
647
156
8419
1879
250
4991
2462
2360
9556
2360
1943
2656
6096
10042
4900
5094
7412
5180
8378
3338
3036
415
415
4861
8416
9208
7823
6096
5206
4900
3782
9556
2888
7846
7143
4923
1982
4238
664
228
582
1894
8249
2462
1894
7948
3498
8249
7503
5077
4991
5103
9453
867
7720
4584
647
4923
970
8313
7447
6093
9556
259
353
5094
7412
278
10198
9180
822
2231
2231
1636
9866
2764
8171
5486
9459
6093
7846
7143
7447
4923
1943
7143
7336
8416
5519
7809
250
10048
3498
5519
8249
664
7632
7530
2293
2293
2462
1879
9453
4991
664
250
8332
3079
9945
7447
7143
6093
970
9945
4900
5094
7412
4524
6154
9782
8604
7860
9818
3052
8604
8416
7344
9866
4043
6724
5206
9459
2656
7143
6093
259
3550
10145
2066
9938
2764
9818
10048
7948
7809
4584
1879
2285
8332
250
2462
2462
5003
4991
8332
7743
1879
4610
1982
1943
7143
4814
7735
8131
7427
5094
7412
8973
5547
8171
8171
7779
7995
9771
4569
9866
4820
156
3885
2591
9771
10198
2565
3782
2477
561
1401
7214
10048
2374
7720
250
7530
8332
8332
9938
4584
10048
2591
10130
867
4991
2462
2462
4991
2285
4820
7823
4923
1943
8313
2360
10042
3079
2169
5094
9330
5748
5054
3550
4524
4524
102
7860
7344
1636
6085
5103
7720
664
5003
8818
3157
10041
4687
7412
415
7632
2981
2374
4584
4991
10048
2285
9866
7632
250
7632
10145
2285
9453
10048
664
9938
9938
8332
9453
6096
7697
1943
8313
6096
10042
3079
2169
6724
1348
1408
5555
8563
278
791
3338
9180
5555
5555
7800
3885
4991
2462
647
7743
5748
4572
5180
7845
2905
4569
867
7632
4991
5103
2981
4991
2285
6085
9818
3052
4820
867
5003
10048
8332
664
7530
10145
250
5982
7697
5982
7846
9556
3782
8131
2169
5094
9767
4043
7779
414
1401
1624
7779
414
4043
7995
9771
7632
2066
9938
4584
156
9782
3550
8563
5486
7412
2809
6154
2764
2981
9453
8849
10048
9453
2591
9180
9208
2285
867
7214
2285
8419
250
2066
9866
7995
9715
7697
4923
4814
9556
259
7427
4610
1348
4572
2809
3157
6040
895
5748
7779
415
10198
4569
8818
7214
2374
8332
2374
2764
8573
3850
9411
7912
6724
1348
331
895
7271
6154
3036
1636
7344
9866
2285
7214
5103
3885
10048
1879
1879
5103
8332
1879
6085
9715
5982
2656
9459
970
2477
9330
6946
6946
331
4413
4610
8563
415
4238
10198
4238
4238
7344
7743
867
7632
8849
2764
10130
8171
5555
3550
4610
10041
278
2809
3850
415
7779
10300
822
9782
7860
822
882
2591
8416
3885
5103
1879
7743
2285
9453
2374
1943
4923
6096
8131
7412
9767
4572
8563
2905
7845
7845
4687
278
415
102
3338
6154
1408
4569
8849
7632
7214
8419
6085
9818
9782
8604
5748
5180
278
1624
7779
2231
10300
5547
7860
4569
3052
3052
7995
9180
7995
7344
10145
5103
7214
7743
2591
882
1879
4923
9556
10041
4572
6040
2809
6946
6946
9767
5486
4413
4687
278
1017
3338
8573
822
6154
3036
9866
156
2374
2285
9782
1636
2591
7214
3036
8378
3850
8171
9782
3052
9180
9782
882
8604
882
7800
9818
8573
7860
822
4569
7214
10145
8416
4569
7800
2285
7735
6724
331
2809
791
791
3550
2809
7912
2905
7412
561
278
1408
5547
9782
8604
7995
9180
8573
8818
9453
2285
8573
3052
2981
250
4861
1624
1017
7800
6085
7800
2231
7860
7743
1636
6085
9818
4569
8573
1636
7995
10198
6085
1879
8849
8419
8818
9453
10041
7912
4524
895
895
1401
1017
8563
331
2905
2169
561
8563
3850
3036
822
1636
9818
1636
9208
9818
8818
8818
9180
822
4569
9180
7271
8973
5054
4820
10130
1636
6154
3052
9453
882
7995
4569
4569
9180
9782
9782
102
7779
8604
7860
9866
4820
4820
7336
3157
3550
3850
414
1408
1624
4572
2809
10041
2565
2565
2809
415
10300
9782
7860
7800
7800
1636
9208
4861
5054
1017
5748
1408
2231
8171
8973
8573
7344
8416
9818
9180
6085
10145
2285
3338
4569
9818
9180
3036
4861
3338
8973
8171
4861
7800
8416
8416
4413
6040
895
414
8378
8378
1401
4524
9767
259
4572
1348
2905
4238
5555
8573
7860
3052
3052
1636
9782
3036
8378
1401
414
3338
9771
3036
791
8604
4820
7743
882
7995
9208
10145
156
5547
8604
7860
2231
5555
8171
8171
8973
895
3036
8573
6085
8818
3157
9411
1401
1017
4043
1408
415
6946
2169
3782
6946
9767
7845
1017
5555
3036
7995
9818
8604
3052
3052
9180
4043
7271
8573
9818
7800
895
414
6085
8818
8419
7344
4569
2231
8849
2374
1636
8171
1636
4861
10300
5547
9782
414
6040
8573
9208
9782
6085
8563
8973
3850
8378
4238
1624
8973
2565
7427
4900
6040
5180
2565
415
5054
5054
2231
7860
7995
3052
1636
9180
8573
9818
9818
5054
1408
2905
6154
8818
8419
8419
6085
9866
4861
9866
250
4820
10300
3052
7995
5054
6154
9208
8378
2905
10198
9208
2231
1636
6040
8973
5748
1408
5748
895
4413
7427
2565
7427
3550
3157
2565
3550
5054
3338
6154
8573
7995
1636
7860
7800
882
3052
2231
415
2905
1401
7800
7743
2591
8818
7800
2285
1636
882
8332
2764
7271
7860
822
5054
6154
1636
7779
2905
895
2231
5054
9782
9411
1401
1017
1017
895
278
5094
7412
7845
6724
414
2905
7412
8973
7779
5054
6154
9180
822
8604
6085
7344
9818
7995
4043
1401
8563
6154
8416
8419
8818
6085
4569
8849
8818
7800
10145
2374
3338
3338
2231
5555
5547
3052
102
4524
3157
7779
10198
4861
791
3850
414
1401
278
4687
7823
4572
7845
6724
5748
6946
7412
895
4043
5054
3036
8171
822
9818
4820
10130
9208
5054
3338
415
1401
9818
2764
8416
4569
882
9771
2591
9453
3052
8849
2981
9208
4238
2231
3850
6154
9818
102
9411
4413
7779
2231
2231
